200
45 50
50 25
25 30
30 15
15 20
20 35
35 40
40 45
45 10
10 55
55 60
60 65
65 30
30 35
35 40
40 15
15 20
20 25
25 50
50 55
55 30
30 35
35 40
40 45
45 20
20 25
25 30
30 55
55 60
60 35
35 40
40 15
15 20
20 45
45 50
50 25
25 30
30 35
35 60
60 65
65 40
40 45
45 20
20 25
25 50
50 55
55 30
30 35
35 40
40 15
15 20
20 45
45 50
50 25
25 30
30 55
55 60
60 35
35 40
40 45
45 20
20 25
25 50
50 55
55 30
30 35
35 60
60 65
65 40
40 15
15 20
20 45
45 50
50 25
25 30
30 35
35 40
40 45
45 50
50 55
55 60
60 35
35 40
40 15
15 20
20 25
25 50
50 55
55 30
30 35
35 40
40 45
45 20
20 25
25 30
30 55
55 60
60 35
35 40
40 15
15 20
20 45
45 50
50 25
25 30
30 35
35 60
60 65
65 40
40 45
45 20
20 25
25 50
50 55
55 30
30 35
35 40
40 15
15 20
20 45
45 50
50 25
25 30
30 55
55 60
60 35
35 40
40 45
45 20
20 25
25 50
50 55
55 30
30 35
35 60
60 65
65 40
40 15
15 20
20 45
45 50
50 25
25 30
30 35
35 40
40 45
45 50
50 55
55 60
60 35
35 40
40 15
15 20
20 25
25 50
50 55
55 30
30 35
35 40
40 45
45 20
20 25
25 30
30 55
55 60
60 35
35 40
40 15
15 20
20 45
45 50
50 25
25 30
30 35
35 60
60 65
65 40
40 45
45 20
20 25
25 50
50 55
55 30
30 35
35 40
40 15
15 20
20 45
45 50
50 25
25 30
30 55
55 60
60 35
35 40
40 45
45 20
20 25
25 50
50 55
55 30
30 35
35 60
60 65
65 40
40 15
15 20
20 45
45 50
50 25
25 30
30 35
35 40
40 45
45 50
50 55
55 60
60 35
35 40
40 15
15 20
20 25
25 50
50 55
55 30
30 35
35 40
40 45
45 20
20 25
25 30
30 55
55 60